% This script generates kinematics parameters for ABB 4600-60/2.05
% industrial robot.

z = [0 0 1;
    0 -1 0;
    0 -1 0;
    1 0 0;
    0 -1 0;
    1 0 0]';
q = [0 0 0;
    175 0 495;
    175 0 1395;
    175 0 1570;
    1135 0 1570;
    1270 0 1570]';
